Values for the energy of the high-energetic photons in GeV, Corresponding values for the flux (nu*F_nu) in GeV/(s*cm^2)
0.0408799080007 8.78432705511e-07
0.0424546643972 8.75019253993e-07
0.0440900828115 8.71648038982e-07
0.045788500037 8.68319080553e-07
0.0475523428842 8.65032286711e-07
0.0493841316476 8.61787623013e-07
0.0512864837075 8.5858508794e-07
0.0532621172699 8.55424628062e-07
0.0553138552498 8.52306140973e-07
0.0574446293055 8.49229609632e-07
0.0596574840272 8.46195037753e-07
0.0619555812873 8.43202313464e-07
0.0643422047584 8.40251304689e-07
0.066820764605 8.37341901552e-07
0.0693948023567 8.34474035641e-07
0.0720679959679 8.31647496168e-07
0.0748441650735 8.28862157497e-07
0.0777272764466 8.26117889546e-07
0.0807214496665 8.2341460827e-07
0.0838309630047 8.20752064863e-07
0.0870602595386 8.1813013643e-07
0.0904139534996 8.15548626618e-07
0.0938968368662 8.13007395697e-07
0.0975138862114 8.10506177472e-07
0.101270269813 8.08044824788e-07
0.10517135504 8.05623115164e-07
0.109222716018 8.03240921062e-07
0.113430141599 8.00898022328e-07
0.117799643631 7.98594229288e-07
0.122337465543 7.96329247465e-07
0.127050091276 7.94102820822e-07
0.131944254538 7.91914739344e-07
0.137026948433 7.89764806765e-07
0.142305435447 7.87652792231e-07
0.147787257831 7.85578502719e-07
0.153480248373 7.83541744486e-07
0.159392541591 7.8154199913e-07
0.165532585361 7.79579047565e-07
0.17190915298 7.77652789378e-07
0.178531355708 7.75763096354e-07
0.185408655783 7.7390946236e-07
0.192550879945 7.72091763052e-07
0.199968233473 7.7030986148e-07
0.20767131477 7.68563414991e-07
0.215671130506 7.66851989188e-07
0.223979111343 7.65175764461e-07
0.232607128272 7.63534629295e-07
0.24156750957 7.61928138467e-07
0.250873058419 7.60356063096e-07
0.260537071201 7.58818393502e-07
0.270573356493 7.57314770193e-07
0.280996254799 7.55844611872e-07
0.291820659043 7.54407658612e-07
0.303062035844 7.53003816032e-07
0.314736447623 7.51632677834e-07
0.326860575546 7.50293369146e-07
0.339451743366 7.48986199126e-07
0.352527942171 7.47710911892e-07
0.366107856095 7.46467071895e-07
0.380210889013 7.4525417612e-07
0.394857192264 7.44072355992e-07
0.410067693452 7.42921446876e-07
0.425864126342 7.41800521308e-07
0.442269061915 7.40709411796e-07
0.459305940623 7.39648255548e-07
0.47699910588 7.38164043483e-07
0.495373838843 7.3606538159e-07
0.514456394542 7.33676755801e-07
0.534274039386 7.3110915148e-07
0.55485509013 7.28431252165e-07
0.576228954335 7.25695163842e-07
0.598426172383 7.2294106553e-07
0.62147846112 7.20199782329e-07
0.645418759173 7.17496780715e-07
0.670281274015 7.1485421648e-07
0.696101530843 7.12288210712e-07
0.722916423339 7.09810436064e-07
0.750764266386 7.07432165122e-07
0.779684850814 7.05161686667e-07
0.809719500257 7.03003449337e-07
0.840911130197 7.00960750577e-07
0.87330430929 6.98700699719e-07
0.906945323039 6.95852210007e-07
0.941882239939 6.92791994978e-07
0.978164980156 6.89650103527e-07
1.01584538686 6.86451082153e-07
1.05497730028 6.83331337604e-07
1.09561663469 6.8022856658e-07
1.13782145823 6.77255010817e-07
1.18165207594 6.74397116027e-07
1.22717111587 6.71660961675e-07
1.27444361865 6.69055532938e-07
1.32353713031 6.66662315223e-07
1.37452179892 6.64377543266e-07
1.4274704747 6.62280327984e-07
1.48245881423 6.60363543961e-07
1.53956538844 6.58575866072e-07
1.59887179499 6.56956449811e-07
1.66046277475 6.55553887868e-07
1.72442633297 6.54238831759e-07
1.790853865 6.53110148505e-07
1.85984028686 6.52146975117e-07
1.9314841709 6.5126769954e-07
2.0058878866 6.50164697323e-07
2.0831577469 6.47127662533e-07
2.16340416004 6.43209764646e-07
2.24674178739 6.38750064426e-07
2.33328970724 6.3402845002e-07
2.42317158494 6.2915838849e-07
2.51651584963 6.24288395625e-07
2.61345587775 6.1949388983e-07
2.71413018358 6.14738054896e-07
2.8186826172 6.1016443986e-07
2.92726257 6.03620429357e-07
3.04002518815 5.96187705452e-07
3.15713159432 5.88446338596e-07
3.27874911784 5.80570440359e-07
3.40505153383 5.72883489633e-07
3.53621931148 5.65388791886e-07
3.67243987196 5.58083942575e-07
3.81390785616 5.51354619602e-07
3.96082540284 5.44950963906e-07
4.11340243746 5.38918647178e-07
4.27185697213 5.33369422195e-07
4.43641541712 5.28301986228e-07
4.60731290435 5.23564204934e-07
4.7847936234 5.194565762e-07
4.9691111704 5.15151226157e-07
5.16052891039 5.11158429628e-07
5.35932035362 5.07165458524e-07
5.5657695464 5.03479645241e-07
5.78017147691 4.99952812855e-07
6.00283249674 4.96922259264e-07
6.23407075861 4.94390273716e-07
6.47421667095 4.91637023937e-07
6.72361337004 4.8600612513e-07
6.98261721031 4.79404093958e-07
7.25159827347 4.72190449093e-07
7.53094089737 4.64962128816e-07
7.82104422514 4.57494262686e-07
8.12232277548 4.50420890713e-07
8.43520703502 4.43422549126e-07
8.76014407338 4.36874791585e-07
9.09759818197 4.30767254577e-07
9.44805153742 4.2488655613e-07
9.81200489056 4.19568137673e-07
10.1899782819 4.14640801379e-07
10.5825117846 4.10208156866e-07
10.9901662765 4.06349936424e-07
11.413524241 4.02344088374e-07
11.8531906 3.99198843145e-07
12.3097935776 3.96315463524e-07
12.7839855981 3.89743455498e-07
13.2764442185 3.80343506315e-07
13.7878730958 3.70168521732e-07
14.3190029934 3.5971639362e-07
14.8705928247 3.49282358525e-07
15.4434307374 3.39540257136e-07
16.03833524 3.29951295936e-07
16.6561563713 3.21416847343e-07
17.2977769147 3.13156901621e-07
17.9641136599 3.05505412916e-07
18.6561187127 2.98674111088e-07
19.3747808554 2.92401666834e-07
20.1211269597 2.86106728917e-07
20.8962234541 2.78989470838e-07
21.7011778475 2.7215509408e-07
22.5371403117 2.65658381334e-07
23.4053053247 2.59437159314e-07
24.306913378 2.53752378948e-07
25.2432527485 2.48519380041e-07
26.2156613393 2.4214706646e-07
27.225528592 2.33671220552e-07
28.2742974713 2.24598070857e-07
29.3634665271 2.15658834072e-07
30.4945920358 2.07231596137e-07
31.6692902241 1.99371709305e-07
32.889239578 1.92001921376e-07
34.1561832414 1.84244418906e-07
35.4719315067 1.76825141714e-07
36.8383644017 1.69878011455e-07
38.2574343755 1.63478188005e-07
39.7311690888 1.57739675082e-07
41.2616743106 1.52591433998e-07
42.8511369275 1.4800513546e-07
44.5018280683 1.43914197567e-07
46.2161063491 1.40280492792e-07
47.9964212434 1.37227517449e-07
49.8453165824 1.34533661009e-07
51.7654341893 1.32240285794e-07
53.7595176546 1.30299069152e-07
55.8304162559 1.28706581391e-07
57.9810890293 1.27394269399e-07
60.2146089976 1.26336693228e-07
62.5341675612 1.25357471953e-07
64.9430790578 1.24465243054e-07
67.4447854988 1.23817337658e-07
70.0428614869 1.23368796671e-07
72.7410193241 1.23151125445e-07
75.5431143157 1.23158431932e-07
78.4531502795 1.23402675254e-07
81.4752852663 1.23861877309e-07
84.6138375014 1.24597666286e-07
87.8732915548 1.25607294196e-07
91.2583047489 1.26843536682e-07
94.7737138133 1.28359492625e-07
98.4245417956 1.30199391646e-07
102.216005239 1.32460890772e-07
106.153521637 1.34953567541e-07
110.24271717 1.37909674082e-07
114.489434751 1.41204028499e-07
118.89974237 1.4481812215e-07
123.479941764 1.49058833695e-07
128.236577422 1.5360404598e-07
133.176445941 1.58464514477e-07
138.306605727 1.63637751384e-07
143.634387092 1.68965436977e-07
149.16740272 1.74171151703e-07
154.913558547 1.79370917187e-07
160.881065059 1.83847740815e-07
167.078449023 1.87261239932e-07
173.514565668 1.8931218617e-07
180.19861134 1.89388546497e-07
187.140136645 1.87182611206e-07
194.34906009 1.82248611839e-07
201.835682259 1.74280437216e-07
209.610700532 1.63423700026e-07
217.685224365 1.50253413492e-07
226.070791169 1.35504498702e-07
234.779382794 1.20229076687e-07
243.823442648 1.05455386341e-07
253.215893481 9.21846710778e-08
262.970155842 8.11158819841e-08
273.100167264 7.2640248743e-08
283.620402175 6.66803725785e-08
294.545892577 6.27852196907e-08
305.89224953 6.04251303087e-08
317.675685456 5.92947891976e-08
329.913037303 5.91965450446e-08
342.621790604 5.91700895827e-08
355.820104463 5.9123190696e-08
369.526837499 5.90168478145e-08
383.761574794 5.88438611297e-08
398.544655877 5.86156068743e-08
413.897203786 5.83061227589e-08
429.841155253 5.79147752624e-08
446.399292045 5.74639166733e-08
463.595273516 5.70290931668e-08
481.453670417 5.73298909684e-08
500.0 5.79062741164e-08
