# Nu[Hz]  SED[erg cm-2 s-1]  SED_err  Time_diff[h]
37000000000.0  4.033e-13  2.96e-14  -1.65047999943
# KVA 
4.6875e+14  2.3971875e-11  1.03434375e-12  0.970800004376
# Swift 
1.15384615385e+15  3.09230769231e-11  1.15384615385e-12  1.51322928839
1.3357079252e+15  3.3125556545e-11  1.20213713268e-12  1.51322928839
1.55601659751e+15  3.3143153527e-11  1.24481327801e-12  1.51322928839
1.17654462e+17  1.38537889e-10  4.45144659e-12  1.51322928839
1.61604192e+17  1.55947311e-10  4.5942577e-12  1.51322928839
2.21971297e+17  1.67830652e-10  3.93312509e-12  1.51322928839
3.04888493e+17  1.95429367e-10  3.94327062e-12  1.51322928839
4.18779377e+17  2.3100169e-10  5.24960414e-12  1.51322928839
5.75214112e+17  2.73289169e-10  7.51689162e-12  1.51322928839
7.90084866e+17  3.03058828e-10  9.15537871e-12  1.51322928839
1.08522038e+18  2.95566127e-10  1.06651927e-11  1.51322928839
1.49060365e+18  3.12502718e-10  1.62035437e-11  1.51322928839
#BAT from Amy
7.25396836e+18  7.2667e-10 4.15280000000000038e-10  -1
#Fermi SED 4 days integration 
9.76890470005e+22  6.07349994943e-12  3.96980562087e-12  -1 
1.11826043443e+24  2.91449243704e-11  1.7545710442e-11  -1 
1.28008864618e+25  1.51517628137e-10  0.0  -1 
#Fermi SED 10 days integration 
9.76890470005e+22  1.16324871021e-11  4.29501212403e-12  -1 
1.11826043443e+24  2.48274704144e-11  1.25328961424e-11  -1 
1.28008864618e+25  8.50440797875e-11  0.0  -1 
# MAGIC 
1.88102146021e+25  7.7106272e-11  3.1468192e-11  -1 
2.44727614491e+25  1.27658176e-10  1.8812592e-11  -1 
3.18398675456e+25  9.525344e-11  1.19824656e-11  -1 
4.14246568522e+25  1.3136128e-10  1.21149456e-11  -1 
5.38947362577e+25  1.152608e-10  1.01394928e-11  -1 
7.01185992153e+25  1.2281736e-10  1.0516536e-11  -1 
9.0985364628e+25  1.10594096e-10  1.02710256e-11  -1 
1.18374052102e+26  1.22714544e-10  1.10449616e-11  -1 
1.54007430767e+26  1.01841056e-10  1.01128224e-11  -1 
2.00367373359e+26  1.35223712e-10  1.29649568e-11  -1 
2.60682717921e+26  1.0640496e-10  1.28757168e-11  -1 
3.39154696952e+26  1.1198736e-10  1.53751424e-11  -1 
4.41248740382e+26  9.8915248e-11  1.55154176e-11  -1 
5.74075429805e+26  1.43012864e-10  2.1470912e-11  -1 
7.46885025687e+26  1.82592e-10  2.9032432e-11  -1 
9.71716455733e+26  1.25588144e-10  2.6725584e-11  -1 
1.26422789427e+27  7.0204832e-11  2.3545712e-11  -1 
1.64479259506e+27  4.8932288e-11  2.2108544e-11  -1 
